<?xml version="1.0"?>
<opencv_storage>
<calibration_Time>"07/07/15 10:37:40"</calibration_Time>
<nrOfFrames>25</nrOfFrames>
<image_Width>640</image_Width>
<image_Height>480</image_Height>
<board_Width>9</board_Width>
<board_Height>6</board_Height>
<square_Size>26.</square_Size>
<FixAspectRatio>1.</FixAspectRatio>
<!-- flags:  +fix_aspectRatio +fix_principal_point +zero_tangent_dist -->
<flagValue>14</flagValue>
<Camera_Matrix type_id="opencv-matrix">
  <rows>3</rows>
  <cols>3</cols>
  <dt>d</dt>
  <data>
    5.9813164423665728e+002 0. 3.1950000000000000e+002 0.
    5.9813164423665728e+002 2.3950000000000000e+002 0. 0. 1.</data></Camera_Matrix>
<Distortion_Coefficients type_id="opencv-matrix">
  <rows>5</rows>
  <cols>1</cols>
  <dt>d</dt>
  <data>
    4.1701720567754141e-001 -2.4394342588148410e+000 0. 0.
    6.1610701065779665e+000</data></Distortion_Coefficients>
<Avg_Reprojection_Error>4.2959878991663736e-001</Avg_Reprojection_Error>
<Per_View_Reprojection_Errors type_id="opencv-matrix">
  <rows>25</rows>
  <cols>1</cols>
  <dt>f</dt>
  <data>
    2.34917507e-001 2.31670469e-001 2.33832672e-001 2.34439701e-001
    2.34115764e-001 2.39926934e-001 2.43795812e-001 2.61443645e-001
    2.72588789e-001 2.78307199e-001 2.82635301e-001 3.05628359e-001
    3.30764920e-001 3.55678469e-001 4.19928491e-001 5.64707994e-001
    5.25251687e-001 4.97724593e-001 5.11785090e-001 5.35177469e-001
    5.56132615e-001 5.54804325e-001 6.57281399e-001 6.94048524e-001
    7.04447567e-001</data></Per_View_Reprojection_Errors>
<!-- a set of 6-tuples (rotation vector + translation vector) for each view -->
<Extrinsic_Parameters type_id="opencv-matrix">
  <rows>25</rows>
  <cols>6</cols>
  <dt>d</dt>
  <data>
    1.8212916435943322e-001 1.9072575401608347e-001
    2.8837720025147524e+000 7.9215736405879689e+000
    5.0714210888169191e+001 5.3278293822499177e+002
    1.5477966946202887e-001 1.9569920895555171e-001
    2.8909025580316974e+000 9.0899221905764325e+000
    5.1129569890111775e+001 5.3671776376149921e+002
    1.4883445147612456e-001 1.9593475846114219e-001
    2.8931747587899568e+000 9.8688928939269651e+000
    5.0673654925613803e+001 5.3779239510611592e+002
    1.4222006292610151e-001 2.0048764848132489e-001
    2.8952281388086250e+000 1.1377444912962767e+001
    5.1002930061902639e+001 5.3677807686718540e+002
    1.4945856953705813e-001 2.0106957113490795e-001
    2.8998790720779155e+000 1.2373749300028067e+001
    5.2195879488746321e+001 5.3744369534264820e+002
    1.8464146452014965e-001 2.1111367950544055e-001
    2.8930638570400227e+000 1.3612445148301395e+001
    5.1954954096830946e+001 5.4051079632730296e+002
    2.2388683087349423e-001 2.0799746144879672e-001
    2.8866539241253504e+000 1.4968574663512408e+001
    5.2753555950858761e+001 5.4112306862632943e+002
    3.2545554792583609e-001 1.7556066233779449e-001
    2.8568582440581380e+000 2.2364846916794445e+001
    5.6110464534289505e+001 5.3996087809994140e+002
    3.7367529065449401e-001 1.5449170098432657e-001
    2.8553879030224825e+000 2.7410419977241347e+001
    6.2301136731697177e+001 5.3762483607601553e+002
    3.9634620590372494e-001 1.4846766532258729e-001
    2.8562659276268869e+000 3.1294921834329710e+001
    6.7569310654416071e+001 5.3641101340856471e+002
    4.1203631704292182e-001 1.3621979199045559e-001
    2.8560883004821243e+000 3.6611307255537000e+001
    7.6344626901929573e+001 5.3588294926285926e+002
    4.3407946467449254e-001 1.1487092235887400e-001
    2.8447249338317078e+000 4.2624712426625258e+001
    8.5114134759761683e+001 5.3506551376962227e+002
    4.5275508854513308e-001 1.0209894643936179e-001
    2.8405301474891322e+000 4.7990537074337489e+001
    9.1100202784368634e+001 5.3523780981422999e+002
    4.7850085306565882e-001 9.2614627835011842e-002
    2.8348991000167305e+000 5.5337024811530291e+001
    9.6192340528295119e+001 5.3616949776428339e+002
    5.4858416098868634e-001 6.8692564299404207e-002
    2.8264834464584347e+000 6.6753754107663227e+001
    1.0403282099600716e+002 5.3350714888231221e+002
    6.7880573438265346e-001 2.3872721888000711e-002
    2.8280166721534026e+000 8.5611874491969189e+001
    1.2106670690633817e+002 5.2601068428543977e+002
    4.0955949375840950e-001 -1.3548301540366320e-001
    2.8525492811159854e+000 8.9673100693356844e+001
    1.0307908165785810e+002 5.4535223613143705e+002
    3.0236795754008211e-001 -1.2702556473332782e-001
    2.8461248359909779e+000 4.7077602122085707e+001
    8.7710017346161976e+001 5.3312677773312600e+002
    2.9244272951537220e-001 -1.4356057651904466e-001
    2.8384928272968328e+000 3.8961494250189254e+001
    8.7443936743958503e+001 5.3078869660541943e+002
    2.9719885907329696e-001 -1.4599783828682858e-001
    2.8371049544333875e+000 3.3986789947730379e+001
    8.9881192935882964e+001 5.2871058082577213e+002
    3.0451639513156209e-001 -1.5799866527667092e-001
    2.8366977993757607e+000 3.2242386161628488e+001
    9.1711638693055207e+001 5.2669657108490924e+002
    3.0363839435249118e-001 -1.5244985721567514e-001
    2.8334059586557214e+000 2.9568265407247562e+001
    9.3006125128084520e+001 5.2528267319962094e+002
    2.9788032353583394e-001 -1.6971543259099192e-001
    2.8217944672667934e+000 1.4055078982091658e+001
    9.5793584294295400e+001 5.1479066469428699e+002
    2.9943182043048150e-001 -1.7804830510344782e-001
    2.8157926380722191e+000 6.7343424196550714e+000
    9.6120465260166753e+001 5.0857283773069315e+002
    2.9710557029482942e-001 -1.8055340782413581e-001
    2.8145643081215148e+000 4.9669248206907923e+000
    9.6155101112302702e+001 5.0661752166359207e+002</data></Extrinsic_Parameters>
