<?xml version="1.0"?>
<opencv_storage>
<calibration_Time>"07/07/15 14:25:31"</calibration_Time>
<nrOfFrames>25</nrOfFrames>
<image_Width>640</image_Width>
<image_Height>480</image_Height>
<board_Width>9</board_Width>
<board_Height>6</board_Height>
<square_Size>26.</square_Size>
<FixAspectRatio>1.</FixAspectRatio>
<!-- flags:  +fix_aspectRatio +fix_principal_point +zero_tangent_dist -->
<flagValue>14</flagValue>
<Camera_Matrix type_id="opencv-matrix">
  <rows>3</rows>
  <cols>3</cols>
  <dt>d</dt>
  <data>
    6.0045022994854992e+002 0. 3.1950000000000000e+002 0.
    6.0045022994854992e+002 2.3950000000000000e+002 0. 0. 1.</data></Camera_Matrix>
<Distortion_Coefficients type_id="opencv-matrix">
  <rows>5</rows>
  <cols>1</cols>
  <dt>d</dt>
  <data>
    1.7250738298737520e-001 -4.2842324266501501e+000 0. 0.
    3.6551715800967564e+001</data></Distortion_Coefficients>
<Avg_Reprojection_Error>2.2224885598316613e-001</Avg_Reprojection_Error>
<Per_View_Reprojection_Errors type_id="opencv-matrix">
  <rows>25</rows>
  <cols>1</cols>
  <dt>f</dt>
  <data>
    2.05784217e-001 2.21553445e-001 2.34405503e-001 2.20149517e-001
    2.20248818e-001 2.12991163e-001 2.32591540e-001 2.24247351e-001
    2.14738026e-001 2.16328233e-001 2.23065749e-001 2.30087310e-001
    2.38200530e-001 2.25226387e-001 2.18271613e-001 2.18271106e-001
    2.23592922e-001 2.16682553e-001 2.27234766e-001 2.18900323e-001
    2.21007839e-001 2.19674766e-001 2.06652746e-001 2.29803652e-001
    2.32989013e-001</data></Per_View_Reprojection_Errors>
<!-- a set of 6-tuples (rotation vector + translation vector) for each view -->
<Extrinsic_Parameters type_id="opencv-matrix">
  <rows>25</rows>
  <cols>6</cols>
  <dt>d</dt>
  <data>
    -3.2539696248503386e-001 -3.3449135770107807e-001
    2.0564578217288174e-001 -1.2203684351668888e+002
    -6.7143603384676183e+001 7.6311044808861300e+002
    -3.2203917064718962e-001 -3.5159300474311489e-001
    1.9836247275845359e-001 -1.2499072214859837e+002
    -6.7070522017421837e+001 7.6063005681608820e+002
    -3.4156589449533764e-001 -3.5828550792337777e-001
    1.9080472430193729e-001 -1.3248628768652770e+002
    -5.8048322956343362e+001 7.6064559924415346e+002
    -3.5784067866611041e-001 -3.7656216366611456e-001
    1.7755770195396772e-001 -1.3654277997597359e+002
    -5.1414203472318349e+001 7.5568991227717947e+002
    -3.4880046067712694e-001 -3.7093317162719452e-001
    1.7515669677105142e-001 -1.3799230190058643e+002
    -4.8967095202203417e+001 7.6079971454193776e+002
    -3.5498480190182136e-001 -3.7280786487930101e-001
    1.7346085606343342e-001 -1.3915493873008612e+002
    -4.6756775565957874e+001 7.6232991028777951e+002
    -3.6269215193984672e-001 -3.5879950111458009e-001
    1.6979346429111791e-001 -1.4163036899845190e+002
    -4.2986056488441690e+001 7.6960817419059231e+002
    -3.5974836569690366e-001 -3.5848200742788849e-001
    1.6731484497784621e-001 -1.4205433201959562e+002
    -4.1986531048974186e+001 7.6937554345802380e+002
    -3.6242340503652642e-001 -3.6172185999557799e-001
    1.5939567847453448e-001 -1.4458369182780393e+002
    -3.9104934178188145e+001 7.6890556475305414e+002
    -3.6888234405322579e-001 -3.6108781193555467e-001
    1.5790239366682043e-001 -1.4578887608036334e+002
    -3.7510758358503494e+001 7.6986537519169360e+002
    -3.8190495958351589e-001 -3.7119782727238526e-001
    1.5703889700057799e-001 -1.4656668866214932e+002
    -3.6353243879646392e+001 7.7063834975088355e+002
    -3.8816317193957151e-001 -3.7165825481657022e-001
    1.5377114237875303e-001 -1.4751745307409104e+002
    -3.4934932288595974e+001 7.7243501429511082e+002
    -4.0440156713425723e-001 -3.8300808086578775e-001
    1.5781741962508003e-001 -1.4753171953055607e+002
    -3.4282628217157303e+001 7.7460014555454916e+002
    -4.0863830341284840e-001 -3.7871815214730442e-001
    1.5537077150677170e-001 -1.4888068739407581e+002
    -3.2901866818909681e+001 7.7617062105955119e+002
    -4.0594980305372796e-001 -3.7837166938649441e-001
    1.5514172829042139e-001 -1.4903287965610713e+002
    -3.2338101919637232e+001 7.7596998637905938e+002
    -4.0251023083427301e-001 -3.7700971721756865e-001
    1.5419076659446670e-001 -1.4921616742463536e+002
    -3.2187118272153057e+001 7.7578807056322523e+002
    -4.0373273965755108e-001 -3.7440632091574316e-001
    1.5156717338565817e-001 -1.4987614985799979e+002
    -3.1936188045576660e+001 7.7607449593042293e+002
    -4.0605298079496382e-001 -3.7724382758471403e-001
    1.5149935943090573e-001 -1.4979098898450349e+002
    -3.2456334898669674e+001 7.7535063959268962e+002
    -3.9750226538120437e-001 -3.7680862241636109e-001
    1.4933378114522847e-001 -1.5067857652705021e+002
    -3.1349789190817170e+001 7.7314520748420830e+002
    -4.0051771978504969e-001 -3.7692872915152981e-001
    1.4585704831993054e-001 -1.5220706664144066e+002
    -3.0085342988704571e+001 7.7224858861271252e+002
    -3.9897778189763272e-001 -3.7247925128081388e-001
    1.4387611911948620e-001 -1.5280322049775208e+002
    -2.9799832745380620e+001 7.7274265055032811e+002
    -3.9716271832476996e-001 -3.7385335149693705e-001
    1.4249115576799301e-001 -1.5178589749923543e+002
    -2.9982677625428479e+001 7.7246970034997810e+002
    -3.8990806800652938e-001 -3.6964512137053068e-001
    1.4100117310162827e-001 -1.5211029182963097e+002
    -2.9148120048022527e+001 7.7197122892437471e+002
    -3.9565828856982227e-001 -3.7196140687429141e-001
    1.3612826414460402e-001 -1.5318782988859346e+002
    -2.7698244539413142e+001 7.7225678338707985e+002
    -3.9319157276524819e-001 -3.6780816175203468e-001
    1.3402322467075792e-001 -1.5348585846708491e+002
    -2.7127870339081618e+001 7.7278562296335679e+002</data></Extrinsic_Parameters>
