<?xml version="1.0"?>
<opencv_storage>
<calibration_Time>"07/07/15 12:59:20"</calibration_Time>
<nrOfFrames>25</nrOfFrames>
<image_Width>640</image_Width>
<image_Height>480</image_Height>
<board_Width>9</board_Width>
<board_Height>6</board_Height>
<square_Size>26.</square_Size>
<FixAspectRatio>1.</FixAspectRatio>
<!-- flags:  +fix_aspectRatio +fix_principal_point +zero_tangent_dist -->
<flagValue>14</flagValue>
<Camera_Matrix type_id="opencv-matrix">
  <rows>3</rows>
  <cols>3</cols>
  <dt>d</dt>
  <data>
    6.3994420741498107e+002 0. 3.1950000000000000e+002 0.
    6.3994420741498107e+002 2.3950000000000000e+002 0. 0. 1.</data></Camera_Matrix>
<Distortion_Coefficients type_id="opencv-matrix">
  <rows>5</rows>
  <cols>1</cols>
  <dt>d</dt>
  <data>
    -3.3884914823903337e-002 3.7749958291025467e+000 0. 0.
    -3.0720912012490725e+001</data></Distortion_Coefficients>
<Avg_Reprojection_Error>1.4417007213014421e-001</Avg_Reprojection_Error>
<Per_View_Reprojection_Errors type_id="opencv-matrix">
  <rows>25</rows>
  <cols>1</cols>
  <dt>f</dt>
  <data>
    1.38689578e-001 1.44967094e-001 1.43329173e-001 1.38604060e-001
    1.40336663e-001 1.54596180e-001 1.80075347e-001 1.65027127e-001
    1.35776907e-001 1.50584891e-001 1.59365803e-001 1.48705423e-001
    1.36003658e-001 1.33684546e-001 1.31599188e-001 1.37364775e-001
    1.25773132e-001 1.56082094e-001 1.30366474e-001 1.41632304e-001
    1.47660136e-001 1.50330782e-001 1.44948587e-001 1.29928350e-001
    1.25129253e-001</data></Per_View_Reprojection_Errors>
<!-- a set of 6-tuples (rotation vector + translation vector) for each view -->
<Extrinsic_Parameters type_id="opencv-matrix">
  <rows>25</rows>
  <cols>6</cols>
  <dt>d</dt>
  <data>
    -2.3460448824364766e-001 -7.0070179562011337e-002
    -8.0139992318476270e-003 -2.0843475300222434e+002
    2.1491722783113097e+001 9.5122884720374066e+002
    -2.3542174776371461e-001 -7.7927335546312856e-002
    -6.7963452393725128e-003 -2.0853497922401485e+002
    2.0742225176075575e+001 9.4918869996001001e+002
    -2.4497850327969470e-001 -8.4760639032877783e-002
    -6.1994408388538784e-003 -2.0875984959983336e+002
    2.0038430450203624e+001 9.4790428186602014e+002
    -2.3543805077448401e-001 -7.7656640360385484e-002
    -6.2698481043539185e-003 -2.0936031438546166e+002
    1.9313638951092333e+001 9.4593596623170811e+002
    -2.3801941698890253e-001 -8.6003943117769890e-002
    -7.6890763709086896e-003 -2.1108946848121121e+002
    1.8932010230609698e+001 9.4469591428915942e+002
    -2.2843202452916844e-001 -8.3312636804413864e-002
    -7.5081908190774574e-003 -2.1185767563385497e+002
    1.7942994450676750e+001 9.4352477736610103e+002
    -2.2651341191906665e-001 -8.9423218608946975e-002
    -2.5378270314737879e-003 -2.1021728330453774e+002
    1.6874846083481994e+001 9.4196645477453103e+002
    -2.2871147480514195e-001 -8.9845512374513131e-002
    6.5193798124899200e-004 -2.0784758655108209e+002
    1.6765708294984062e+001 9.4564436278840481e+002
    -2.3165012765009144e-001 -8.6090831951032606e-002
    -1.8297538874254757e-003 -2.0767693267838877e+002
    1.8385675273757311e+001 9.4814886529217233e+002
    -2.4457099721772335e-001 -8.6742775636605221e-002
    -3.0349412574091498e-003 -2.0716221217763399e+002
    1.8850646748358191e+001 9.5135065111018469e+002
    -2.4219087878219131e-001 -8.0680965135265362e-002
    2.1604876923700845e-005 -2.0595527654280667e+002
    1.8429038160390736e+001 9.5204659490259337e+002
    -2.4413658485784454e-001 -8.2201561402990814e-002
    -7.0795025485594250e-004 -2.0613765359003705e+002
    1.8888001017785161e+001 9.5183447604745550e+002
    -2.3768727145777968e-001 -8.2667352390514259e-002
    -3.8650952697384879e-003 -2.0777055090936463e+002
    1.9406187340360887e+001 9.5123380111341578e+002
    -2.3510323520161189e-001 -8.1925320533571114e-002
    -4.2943595721798887e-003 -2.0789998541093979e+002
    1.9178198936959024e+001 9.5007872913589574e+002
    -2.4114474315902831e-001 -8.6376802938320674e-002
    -5.6127457193220539e-003 -2.0835493120160928e+002
    1.8935186232162781e+001 9.4863671913604321e+002
    -2.4411936312539190e-001 -8.9914747280459728e-002
    -4.6041187584820367e-003 -2.0836880816181187e+002
    1.8598349283275986e+001 9.4886508600098887e+002
    -2.4349317198102480e-001 -8.4700083064756140e-002
    -5.9344601617901498e-003 -2.0852724034104443e+002
    1.8990532918292157e+001 9.5048394250087540e+002
    -2.4032897991041288e-001 -8.3108467464597241e-002
    -1.6594184007509894e-003 -2.0780977294387287e+002
    1.8134973711543342e+001 9.5231774364212276e+002
    -2.3940477262740181e-001 -7.9911396492283626e-002
    -5.3336641514356627e-003 -2.0831215403153820e+002
    1.9171193008777117e+001 9.5236233927202102e+002
    -2.4057197180019829e-001 -8.5355096288202981e-002
    -6.0975604063143772e-003 -2.0893215391534457e+002
    1.9880473362827694e+001 9.5140500785917129e+002
    -2.4681421031609574e-001 -8.3940259330442274e-002
    -3.1546342653870365e-003 -2.0898501059017960e+002
    1.9267460263825281e+001 9.5183253614105251e+002
    -2.4727486801982482e-001 -8.6867874334788264e-002
    -2.8160821852783059e-003 -2.0877073327354748e+002
    1.8795437844302821e+001 9.5043199254003218e+002
    -2.4289931147277211e-001 -8.8762939612933786e-002
    -3.5885018237871305e-003 -2.0866133149788035e+002
    1.8688940100503743e+001 9.4976500781167010e+002
    -2.4387511187372321e-001 -8.7865739578189356e-002
    -4.7787511428082872e-003 -2.0849238742914801e+002
    1.8813436188111194e+001 9.5001394287195376e+002
    -2.4147187247366536e-001 -8.3868702272214726e-002
    -5.6807138568269267e-003 -2.0831372335747540e+002
    1.8909606016512615e+001 9.5091466109614191e+002</data></Extrinsic_Parameters>
