<?xml version="1.0"?>
<opencv_storage>
<calibration_Time>"07/07/15 10:38:09"</calibration_Time>
<nrOfFrames>25</nrOfFrames>
<image_Width>640</image_Width>
<image_Height>480</image_Height>
<board_Width>9</board_Width>
<board_Height>6</board_Height>
<square_Size>26.</square_Size>
<FixAspectRatio>1.</FixAspectRatio>
<!-- flags:  +fix_aspectRatio +fix_principal_point +zero_tangent_dist -->
<flagValue>14</flagValue>
<Camera_Matrix type_id="opencv-matrix">
  <rows>3</rows>
  <cols>3</cols>
  <dt>d</dt>
  <data>
    6.0596976046174530e+002 0. 3.1950000000000000e+002 0.
    6.0596976046174530e+002 2.3950000000000000e+002 0. 0. 1.</data></Camera_Matrix>
<Distortion_Coefficients type_id="opencv-matrix">
  <rows>5</rows>
  <cols>1</cols>
  <dt>d</dt>
  <data>
    1.6548311866201790e-001 -1.3102066457648720e+000 0. 0.
    5.4534008051416789e+000</data></Distortion_Coefficients>
<Avg_Reprojection_Error>3.2863603704778710e-001</Avg_Reprojection_Error>
<Per_View_Reprojection_Errors type_id="opencv-matrix">
  <rows>25</rows>
  <cols>1</cols>
  <dt>f</dt>
  <data>
    8.59459698e-001 4.11391318e-001 3.27852160e-001 3.35464090e-001
    2.82424152e-001 3.05938929e-001 2.84355164e-001 3.10025811e-001
    2.88549870e-001 3.04437965e-001 3.26368362e-001 3.06154460e-001
    2.84764558e-001 2.95262307e-001 2.96786636e-001 2.86695600e-001
    2.42889002e-001 2.72073656e-001 2.42576465e-001 2.29731515e-001
    2.38334760e-001 2.14583516e-001 2.37175509e-001 2.31058851e-001
    2.23386481e-001</data></Per_View_Reprojection_Errors>
<!-- a set of 6-tuples (rotation vector + translation vector) for each view -->
<Extrinsic_Parameters type_id="opencv-matrix">
  <rows>25</rows>
  <cols>6</cols>
  <dt>d</dt>
  <data>
    -6.5560773544960138e-001 -8.7714372716965627e-001
    -2.7662104155149367e+000 1.1021662095497007e+002
    8.1540895231747143e+001 4.0181213552831412e+002
    7.0169039627174445e-001 4.9478991527373423e-001
    3.0154507437940183e+000 1.2188575577058131e+002
    3.0559623168929104e+001 4.2712988811158579e+002
    -5.9377550118777045e-001 -5.2152302126897887e-001
    -3.0338404282518803e+000 1.2429812093719805e+002
    2.1293766507455775e+001 4.4626947516177239e+002
    -5.7242726370113728e-001 -5.0925184621187869e-001
    -3.0172786908969171e+000 1.2391403436028031e+002
    2.3138918650881660e+001 4.5290506067423883e+002
    -5.8868182896623822e-001 -5.1635001733344554e-001
    -3.0131333531381435e+000 1.2196059810882322e+002
    2.3702458792648514e+001 4.5126741581271568e+002
    -5.8947973860145886e-001 -4.8673152345650189e-001
    -3.0330243061034396e+000 1.1951468493007759e+002
    2.5723414700056029e+001 4.4967618864190848e+002
    -5.8698655294186697e-001 -4.7834095231861606e-001
    -3.0370387433237727e+000 1.1739713796744964e+002
    2.6984862381649595e+001 4.4994028109115135e+002
    -5.8434377206878463e-001 -4.7670076249972004e-001
    -3.0403223788524110e+000 1.1681796549545496e+002
    2.7558745263459372e+001 4.4541806254279970e+002
    -5.8800996426814300e-001 -4.7093194106959069e-001
    -3.0369490191420172e+000 1.1585049447822500e+002
    2.8785756866759360e+001 4.4793267038643432e+002
    -5.9093367891927306e-001 -4.5725837856109564e-001
    -3.0339322940608504e+000 1.1502446481715013e+002
    3.0455347495079465e+001 4.4872675120715803e+002
    -6.0087105821323572e-001 -4.2728514893085723e-001
    -3.0403344122473954e+000 1.1532814473559078e+002
    3.2739128296076615e+001 4.4722866804437837e+002
    -6.2671642177547338e-001 -3.8502569595957686e-001
    -3.0484676697946731e+000 1.1489405588721554e+002
    3.5401592847181071e+001 4.4369756761634034e+002
    6.2491485913513634e-001 3.2779618316550357e-001
    3.0561744264226398e+000 1.1576425450098888e+002
    3.9861716371554735e+001 4.4186690525685685e+002
    6.0894559195636577e-001 3.0106415380459667e-001
    3.0581076204019886e+000 1.1813174081843246e+002
    4.2689339102419105e+001 4.4279389656964690e+002
    6.1133151276813935e-001 2.9055097412003805e-001
    3.0622488238353727e+000 1.2057769667658535e+002
    4.5625794003234795e+001 4.4271268699346723e+002
    -6.2081936442181762e-001 -2.8749924676678346e-001
    -3.0664218258658460e+000 1.2236834872357726e+002
    4.8997461719519286e+001 4.4102406171020618e+002
    6.2969283580093094e-001 2.4309768329913500e-001
    3.0568550222110069e+000 1.2454351755282245e+002
    5.2788187344778919e+001 4.3987541138916828e+002
    6.2866001538292948e-001 2.1206551485652275e-001
    3.0528098936022783e+000 1.2851526505747415e+002
    5.8954427809543120e+001 4.4363861288177151e+002
    6.2714211229191763e-001 1.7987280939321521e-001
    3.0508398066222990e+000 1.3367057163382850e+002
    6.5302994640053541e+001 4.5130199453591808e+002
    6.2287400405706861e-001 1.7792137995049731e-001
    3.0523028125568024e+000 1.3803403827373694e+002
    6.7815428634367692e+001 4.5880217918264947e+002
    6.2380359513381745e-001 1.9536452060007253e-001
    3.0574929749458182e+000 1.4283920505452636e+002
    7.2109062476968788e+001 4.6719212829830411e+002
    6.2248043960470301e-001 1.8905843625177915e-001
    3.0560460524223045e+000 1.4553579608418323e+002
    7.5001658875168431e+001 4.7251184040027925e+002
    6.3004149832590650e-001 1.8277064982294292e-001
    3.0553562681929329e+000 1.4841416772982521e+002
    7.8116544397874748e+001 4.7913038332717429e+002
    6.3215753617712200e-001 1.9691710656166247e-001
    3.0584063175651446e+000 1.5099840629988998e+002
    7.9932145477747056e+001 4.8496669630178582e+002
    6.3228027376042317e-001 2.0421549235231692e-001
    3.0590252120874721e+000 1.5354835968841866e+002
    8.1875871102234356e+001 4.9083701852506903e+002</data></Extrinsic_Parameters>
