<?xml version="1.0"?>
<opencv_storage>
<calibration_Time>"07/07/15 12:58:51"</calibration_Time>
<nrOfFrames>25</nrOfFrames>
<image_Width>640</image_Width>
<image_Height>480</image_Height>
<board_Width>9</board_Width>
<board_Height>6</board_Height>
<square_Size>26.</square_Size>
<FixAspectRatio>1.</FixAspectRatio>
<!-- flags:  +fix_aspectRatio +fix_principal_point +zero_tangent_dist -->
<flagValue>14</flagValue>
<Camera_Matrix type_id="opencv-matrix">
  <rows>3</rows>
  <cols>3</cols>
  <dt>d</dt>
  <data>
    6.2761965794365108e+002 0. 3.1950000000000000e+002 0.
    6.2761965794365108e+002 2.3950000000000000e+002 0. 0. 1.</data></Camera_Matrix>
<Distortion_Coefficients type_id="opencv-matrix">
  <rows>5</rows>
  <cols>1</cols>
  <dt>d</dt>
  <data>
    1.5312554064225961e-001 1.8912047373151093e+000 0. 0.
    -1.5049091504507144e+001</data></Distortion_Coefficients>
<Avg_Reprojection_Error>3.3018894498056134e-001</Avg_Reprojection_Error>
<Per_View_Reprojection_Errors type_id="opencv-matrix">
  <rows>25</rows>
  <cols>1</cols>
  <dt>f</dt>
  <data>
    3.43273431e-001 3.40579808e-001 3.08715075e-001 3.24485242e-001
    3.21983397e-001 3.21441859e-001 3.37156028e-001 3.34902018e-001
    3.23658526e-001 3.15892011e-001 3.25879037e-001 3.13547164e-001
    3.21766138e-001 3.34901482e-001 3.36776704e-001 3.32059175e-001
    3.38393390e-001 3.41753751e-001 3.36908489e-001 3.36286783e-001
    3.28774959e-001 3.06983918e-001 3.43971074e-001 3.31043839e-001
    3.48989785e-001</data></Per_View_Reprojection_Errors>
<!-- a set of 6-tuples (rotation vector + translation vector) for each view -->
<Extrinsic_Parameters type_id="opencv-matrix">
  <rows>25</rows>
  <cols>6</cols>
  <dt>d</dt>
  <data>
    -3.6510529802068503e-001 -3.6413243366845927e-001
    1.7059017486948838e-001 -1.7679670347169196e+002
    3.2391630791522829e+001 7.5672337653699344e+002
    -3.6133013147541138e-001 -3.6381157106441386e-001
    1.7057945496751392e-001 -1.7717255116021610e+002
    3.2448781362939989e+001 7.5563637988388916e+002
    -3.4915986673437310e-001 -3.5948847653317079e-001
    1.6834044768738532e-001 -1.7818309408366329e+002
    3.2262648092756159e+001 7.5143307577901044e+002
    -3.4631061669350116e-001 -3.6443184195210626e-001
    1.7388928843660523e-001 -1.7647102859025284e+002
    2.9655004546000672e+001 7.4859323153025287e+002
    -3.5131549293648578e-001 -3.7051766259322610e-001
    1.7356572292307365e-001 -1.7660866080432859e+002
    2.9548792980311397e+001 7.4884810218853272e+002
    -3.5734223227228001e-001 -3.7108686737858082e-001
    1.7081812923023859e-001 -1.7738397952152093e+002
    3.0628890604397188e+001 7.4997285557605971e+002
    -3.5956665168506702e-001 -3.7205129839345075e-001
    1.7033992162762196e-001 -1.7707019701685792e+002
    3.1750705907087415e+001 7.5177050830060716e+002
    -3.5706957106793635e-001 -3.6443072380604763e-001
    1.7258970025893997e-001 -1.7588774096653404e+002
    3.2351645264612145e+001 7.5545808063668449e+002
    -3.5600425520833950e-001 -3.5993265376637723e-001
    1.8053628902429500e-001 -1.7403557615258651e+002
    3.2500890263857293e+001 7.6000286164732074e+002
    -3.6102244447621279e-001 -3.6234510477086229e-001
    1.7937914723043741e-001 -1.7465589345681252e+002
    3.3552775563950092e+001 7.6165069703061499e+002
    -3.5912072931858613e-001 -3.6503387054388253e-001
    1.7870006666154559e-001 -1.7453666666473745e+002
    3.3857207105229222e+001 7.6082797642704770e+002
    -3.5524621556890867e-001 -3.6065661325350118e-001
    1.7661343080667161e-001 -1.7507240791710501e+002
    3.4287473526918482e+001 7.6022940612768230e+002
    -3.5904830158718676e-001 -3.6773571440077990e-001
    1.7483846980113590e-001 -1.7537870263401871e+002
    3.3705949610545595e+001 7.5843108914566062e+002
    -3.5841236097054519e-001 -3.6901727819802105e-001
    1.7603839976026292e-001 -1.7611434460620052e+002
    3.3578563109353738e+001 7.5610819940940780e+002
    -3.5764948726534124e-001 -3.7306935090229743e-001
    1.7363437964933209e-001 -1.7673713229430061e+002
    3.3709632729777958e+001 7.5468693568818719e+002
    -3.5856476644444707e-001 -3.7197408049437575e-001
    1.7362418466789248e-001 -1.7698035434038493e+002
    3.3664071171849258e+001 7.5461041419748187e+002
    -3.6082014756606512e-001 -3.7353646410889124e-001
    1.7489286563434317e-001 -1.7629162949328048e+002
    3.3230613108093074e+001 7.5407982169003185e+002
    -3.5822150837649519e-001 -3.7165024549944509e-001
    1.7494435210684062e-001 -1.7602021894870839e+002
    3.2935419008423800e+001 7.5368666552339346e+002
    -3.5821642702757311e-001 -3.7296203620514529e-001
    1.7374300027563438e-001 -1.7572611407779863e+002
    3.2500241711063104e+001 7.5272960223654002e+002
    -3.5825130767523466e-001 -3.7198536531343596e-001
    1.7661730656316188e-001 -1.7476790027483429e+002
    3.1719529992152495e+001 7.5266409276029378e+002
    -3.5219271045932266e-001 -3.7085561692036800e-001
    1.8366101678578814e-001 -1.7279846539127490e+002
    3.0748328049202520e+001 7.5261801151087491e+002
    -3.4871000564979249e-001 -3.6983665452414249e-001
    1.8126973365962962e-001 -1.7366511628429782e+002
    3.1193663938133707e+001 7.5175304289650671e+002
    -3.5756287361506339e-001 -3.7512591142724222e-001
    1.7900146005828682e-001 -1.7435753969406659e+002
    3.1558250527755845e+001 7.5116555271654931e+002
    -3.5729699864332187e-001 -3.7225855054061774e-001
    1.8314413782632674e-001 -1.7385942125781884e+002
    3.0975419000816082e+001 7.5172105404544709e+002
    -3.5470486802652618e-001 -3.7601003580244352e-001
    1.7928842333006886e-001 -1.7431380263600585e+002
    3.1188494169829401e+001 7.5010344473709642e+002</data></Extrinsic_Parameters>
