<?xml version="1.0"?>
<opencv_storage>
<calibration_Time>"07/07/15 12:57:34"</calibration_Time>
<nrOfFrames>25</nrOfFrames>
<image_Width>640</image_Width>
<image_Height>480</image_Height>
<board_Width>9</board_Width>
<board_Height>6</board_Height>
<square_Size>26.</square_Size>
<FixAspectRatio>1.</FixAspectRatio>
<!-- flags:  +fix_aspectRatio +fix_principal_point +zero_tangent_dist -->
<flagValue>14</flagValue>
<Camera_Matrix type_id="opencv-matrix">
  <rows>3</rows>
  <cols>3</cols>
  <dt>d</dt>
  <data>
    5.6900282316161679e+002 0. 3.1950000000000000e+002 0.
    5.6900282316161679e+002 2.3950000000000000e+002 0. 0. 1.</data></Camera_Matrix>
<Distortion_Coefficients type_id="opencv-matrix">
  <rows>5</rows>
  <cols>1</cols>
  <dt>d</dt>
  <data>
    9.6625968115723923e-002 -1.1344019697599559e+000 0. 0.
    3.2639675588241239e+000</data></Distortion_Coefficients>
<Avg_Reprojection_Error>3.8391444358673943e-001</Avg_Reprojection_Error>
<Per_View_Reprojection_Errors type_id="opencv-matrix">
  <rows>25</rows>
  <cols>1</cols>
  <dt>f</dt>
  <data>
    3.88447881e-001 3.75647604e-001 3.72728616e-001 3.83559197e-001
    3.87154609e-001 3.87720972e-001 3.88495088e-001 3.76276970e-001
    3.77892435e-001 3.61339837e-001 3.99280727e-001 3.97788584e-001
    4.04565036e-001 3.64465356e-001 3.75633717e-001 3.70202601e-001
    3.85725856e-001 4.11688596e-001 3.95574003e-001 3.80269885e-001
    3.80833089e-001 3.67568791e-001 3.80187601e-001 4.12630856e-001
    3.66045505e-001</data></Per_View_Reprojection_Errors>
<!-- a set of 6-tuples (rotation vector + translation vector) for each view -->
<Extrinsic_Parameters type_id="opencv-matrix">
  <rows>25</rows>
  <cols>6</cols>
  <dt>d</dt>
  <data>
    -3.3160409373044258e-001 -4.3100797887968562e-001
    1.3311752862364443e-001 -2.3081863607909168e+002
    -5.6349385350385447e+001 6.6669718643412284e+002
    -3.3031165363464615e-001 -4.3467365866647983e-001
    1.3216479394053071e-001 -2.2987222000693254e+002
    -5.6699013103573371e+001 6.6500604513057385e+002
    -3.2417321449977043e-001 -4.3431493454352582e-001
    1.3117353320632005e-001 -2.2924535523630229e+002
    -5.6760784286952529e+001 6.6391731066060936e+002
    -3.2000930800731703e-001 -4.3200510322518298e-001
    1.3357184252079754e-001 -2.2726730327481886e+002
    -5.8675674929986805e+001 6.6446394584079258e+002
    -3.2552545874168265e-001 -4.3430255920246724e-001
    1.3662535328765421e-001 -2.2616731257306196e+002
    -6.0594329971359095e+001 6.6551342623957805e+002
    -3.2474490669271344e-001 -4.3464875319429752e-001
    1.3711498290405777e-001 -2.2495048125127857e+002
    -6.1578467597212843e+001 6.6560432973605168e+002
    -3.2367510756255224e-001 -4.4055080356497028e-001
    1.2953115789529607e-001 -2.2393612256873237e+002
    -5.8729549883778837e+001 6.6231954945362247e+002
    -3.2443869054098640e-001 -4.4788969191656919e-001
    1.3357842503313552e-001 -2.1881070334677784e+002
    -5.8052209696270083e+001 6.6156236165399901e+002
    -3.1960874839362269e-001 -4.5091918345268989e-001
    1.2420255471191097e-001 -2.0406551580668557e+002
    -3.6870563747102821e+001 6.6386576596820373e+002
    -3.1231249473337758e-001 -4.3623424652047998e-001
    1.1071311753167727e-001 -1.9157698280947358e+002
    -1.9529097248249570e+001 6.6823745999671132e+002
    -3.1935676191383111e-001 -4.3967427893162214e-001
    1.0801003109304513e-001 -1.7978329444258921e+002
    -1.2116288762142396e+001 6.7179899378397261e+002
    -3.2538837255898639e-001 -4.3302353869278010e-001
    1.0773259107587142e-001 -1.6254429907429710e+002
    -5.3064770618176409e+000 6.8667181249199336e+002
    -3.2525119900847327e-001 -4.0782121729333143e-001
    1.1588512999140545e-001 -1.5979001692520629e+002
    -3.6669273657209454e+000 7.0225768696564433e+002
    -3.2343256272450854e-001 -3.9149233355910379e-001
    1.1816838658360489e-001 -1.6425222948789406e+002
    -8.5877547688938254e+000 7.0909411213466410e+002
    -3.1242650412070222e-001 -3.9411495160783777e-001
    1.2917886118999253e-001 -1.6739048862167490e+002
    -2.5483608066383738e+001 7.0396179186957067e+002
    -2.8929796838947475e-001 -4.0723565712714488e-001
    1.3059048690585515e-001 -1.7415856641062140e+002
    -3.9951384819794711e+001 6.8879358197682529e+002
    -2.7338111660634773e-001 -4.2515213261306334e-001
    1.2660608880025701e-001 -1.8539519211317372e+002
    -4.9058410678428686e+001 6.7029589740565166e+002
    -2.6939831900928102e-001 -4.4917059298087603e-001
    1.2102157304049264e-001 -1.9711952094766235e+002
    -5.3971523460160455e+001 6.5265159171042433e+002
    -2.6272016677673027e-001 -4.5868016895208802e-001
    1.0977695933904014e-001 -2.1101127631212162e+002
    -5.3709096231970086e+001 6.3895346688710993e+002
    -2.6477495109405452e-001 -4.6822440782236330e-001
    9.5300756667454675e-002 -2.2017733589647631e+002
    -4.9212035461412597e+001 6.2924418999402349e+002
    -2.7199354577965429e-001 -4.8047065083401380e-001
    8.5215904247220517e-002 -2.2128150446236276e+002
    -4.2536510686471729e+001 6.2497265183245327e+002
    -2.8849167543841669e-001 -4.8746475969014252e-001
    8.0863391834720230e-002 -2.1530662162440262e+002
    -3.3930830246909373e+001 6.2902886574254205e+002
    -3.0107272798335127e-001 -4.7515072337648667e-001
    7.6646957024289586e-002 -2.0079156366105394e+002
    -2.3209848666364948e+001 6.4564938174129372e+002
    -3.0462739475556755e-001 -4.6354379515944388e-001
    7.9863446121357526e-002 -1.8730728757457530e+002
    -1.8822702100493860e+001 6.5886619639969854e+002
    -3.1153296496552169e-001 -4.3075829478283811e-001
    8.5883776546421708e-002 -1.7258608105755553e+002
    -1.6323297494531612e+001 6.7878459098261885e+002</data></Extrinsic_Parameters>
