<?xml version="1.0"?>
<opencv_storage>
<calibration_Time>"07/07/15 12:58:25"</calibration_Time>
<nrOfFrames>25</nrOfFrames>
<image_Width>640</image_Width>
<image_Height>480</image_Height>
<board_Width>9</board_Width>
<board_Height>6</board_Height>
<square_Size>26.</square_Size>
<FixAspectRatio>1.</FixAspectRatio>
<!-- flags:  +fix_aspectRatio +fix_principal_point +zero_tangent_dist -->
<flagValue>14</flagValue>
<Camera_Matrix type_id="opencv-matrix">
  <rows>3</rows>
  <cols>3</cols>
  <dt>d</dt>
  <data>
    6.0115278693795005e+002 0. 3.1950000000000000e+002 0.
    6.0115278693795005e+002 2.3950000000000000e+002 0. 0. 1.</data></Camera_Matrix>
<Distortion_Coefficients type_id="opencv-matrix">
  <rows>5</rows>
  <cols>1</cols>
  <dt>d</dt>
  <data>
    -2.4539674584242363e-001 4.1956939045429893e+000 0. 0.
    -1.5604869929633411e+001</data></Distortion_Coefficients>
<Avg_Reprojection_Error>5.4233451789594489e-001</Avg_Reprojection_Error>
<Per_View_Reprojection_Errors type_id="opencv-matrix">
  <rows>25</rows>
  <cols>1</cols>
  <dt>f</dt>
  <data>
    5.42564571e-001 5.36589682e-001 5.38494051e-001 5.44586778e-001
    5.46201825e-001 5.50269067e-001 5.36981821e-001 5.51802933e-001
    5.59672952e-001 5.59011877e-001 5.51348746e-001 5.56019604e-001
    5.38528025e-001 5.42757750e-001 5.39726377e-001 5.45078099e-001
    5.34524739e-001 5.52207947e-001 5.47297478e-001 5.26804924e-001
    5.32839477e-001 5.21390557e-001 5.30410051e-001 5.33779204e-001
    5.37336528e-001</data></Per_View_Reprojection_Errors>
<!-- a set of 6-tuples (rotation vector + translation vector) for each view -->
<Extrinsic_Parameters type_id="opencv-matrix">
  <rows>25</rows>
  <cols>6</cols>
  <dt>d</dt>
  <data>
    -4.0245376486332601e-001 -5.2237129975927177e-001
    2.2086153740388470e-001 -2.4004391299628017e+002
    -2.8192147265432382e+001 7.3535335052507196e+002
    -4.0334893068542693e-001 -5.2262308551050596e-001
    2.1874273285798942e-001 -2.4019994172146906e+002
    -2.7506369206865600e+001 7.3513352732104045e+002
    -4.0086888203386284e-001 -5.2174596202816848e-001
    2.2039564600561681e-001 -2.3982962177019158e+002
    -2.7515719451385831e+001 7.3467485469347594e+002
    -4.0083829622928785e-001 -5.2514676380318359e-001
    2.2119968521251354e-001 -2.3976769606917713e+002
    -2.8210536602621204e+001 7.3291699282873958e+002
    -3.9934663056139041e-001 -5.2570170143327244e-001
    2.1928175450898660e-001 -2.4009791091847808e+002
    -2.8716202685051648e+001 7.3055914308023716e+002
    -3.9620907150294782e-001 -5.2663307370536372e-001
    2.1828074798715980e-001 -2.3961300649168811e+002
    -2.9304134384335711e+001 7.2911125990250491e+002
    -3.9612665301167976e-001 -5.2698857328972348e-001
    2.1808813528725435e-001 -2.3909062929408924e+002
    -2.9681150938971356e+001 7.2900453240829449e+002
    -4.0081396154276339e-001 -5.3090727410846361e-001
    2.1193771474016329e-001 -2.3973157136020279e+002
    -2.7903192350173772e+001 7.2917722760032188e+002
    -4.0773731132310626e-001 -5.2847532316654799e-001
    2.1744546838051149e-001 -2.3799797648547911e+002
    -2.9668983660543905e+001 7.3221015201492708e+002
    -4.0717588361468621e-001 -5.2925481792782547e-001
    2.1864906249743002e-001 -2.3764440697855082e+002
    -2.9920575618273670e+001 7.3249054914966121e+002
    -4.0403564565989852e-001 -5.2761156656149133e-001
    2.1470060069566385e-001 -2.3901993426775380e+002
    -2.8399546401927029e+001 7.3197789435733773e+002
    -4.0405964522521748e-001 -5.2962451166231639e-001
    2.1367507365218905e-001 -2.3985548191670927e+002
    -2.7311232940045191e+001 7.3192188119714490e+002
    -4.0257477889144039e-001 -5.2545014173298010e-001
    2.1143403744050362e-001 -2.4107468181805262e+002
    -2.6235361576287712e+001 7.3209659703156774e+002
    -4.0251373871380131e-001 -5.2400561872054197e-001
    2.1040443642028203e-001 -2.4162750657786935e+002
    -2.5818891442061737e+001 7.3205553261350951e+002
    -4.0164100178525675e-001 -5.2334476381089778e-001
    2.0771770232230066e-001 -2.4214250989767211e+002
    -2.5232497610979063e+001 7.3153533392043107e+002
    -4.0104064169640080e-001 -5.2485553238069216e-001
    2.0558381159909761e-001 -2.4246263555188736e+002
    -2.5098561916408066e+001 7.3045104545420770e+002
    -3.9903237817945375e-001 -5.2946378042394504e-001
    2.0773873681538987e-001 -2.4130075864783865e+002
    -2.6493159742877786e+001 7.2894765100478890e+002
    -3.9749787374869111e-001 -5.3261628547950379e-001
    2.0945802072706987e-001 -2.4011483356315344e+002
    -2.6982191248909558e+001 7.2856626100690755e+002
    -4.0721582219409835e-001 -5.2281541322852421e-001
    2.0076754695886223e-001 -2.4027838571223876e+002
    -2.2135363015068254e+001 7.3114230815909980e+002
    -3.9937452969153625e-001 -5.2044918160545650e-001
    1.9393662314975074e-001 -2.3958869629232177e+002
    -1.8576522961768504e+001 7.3066056536133487e+002
    -3.9623256593559142e-001 -5.2369050406920947e-001
    1.8856659180886715e-001 -2.3749325465235043e+002
    -1.5935043962639533e+001 7.3044050152320949e+002
    -4.0225630403186635e-001 -5.2152387445718174e-001
    1.9411831983743055e-001 -2.3265795961660211e+002
    -1.4940747118312519e+001 7.3698830161310718e+002
    -4.0540316856841785e-001 -5.1692066049698315e-001
    1.9382240163295386e-001 -2.3135121033002198e+002
    -1.4403615380698181e+001 7.3979963832306657e+002
    -4.0382309725767301e-001 -5.1250227802040216e-001
    1.9482597783996425e-001 -2.3023803949809704e+002
    -1.4020170442543773e+001 7.4186905976942876e+002
    -4.0118885031897805e-001 -5.0855373126217884e-001
    1.9253397142642059e-001 -2.2680188606294351e+002
    -1.1319508615996581e+001 7.4388468649793379e+002</data></Extrinsic_Parameters>
