<?xml version="1.0"?>
<opencv_storage>
<calibration_Time>"07/07/15 10:38:59"</calibration_Time>
<nrOfFrames>25</nrOfFrames>
<image_Width>640</image_Width>
<image_Height>480</image_Height>
<board_Width>9</board_Width>
<board_Height>6</board_Height>
<square_Size>26.</square_Size>
<FixAspectRatio>1.</FixAspectRatio>
<!-- flags:  +fix_aspectRatio +fix_principal_point +zero_tangent_dist -->
<flagValue>14</flagValue>
<Camera_Matrix type_id="opencv-matrix">
  <rows>3</rows>
  <cols>3</cols>
  <dt>d</dt>
  <data>
    5.6246053556136269e+002 0. 3.1950000000000000e+002 0.
    5.6246053556136269e+002 2.3950000000000000e+002 0. 0. 1.</data></Camera_Matrix>
<Distortion_Coefficients type_id="opencv-matrix">
  <rows>5</rows>
  <cols>1</cols>
  <dt>d</dt>
  <data>
    4.1244361722059933e-002 4.2528363993841023e-001 0. 0.
    -1.9772237324928625e+000</data></Distortion_Coefficients>
<Avg_Reprojection_Error>2.3327330960483608e-001</Avg_Reprojection_Error>
<Per_View_Reprojection_Errors type_id="opencv-matrix">
  <rows>25</rows>
  <cols>1</cols>
  <dt>f</dt>
  <data>
    2.11905599e-001 2.18502700e-001 2.17131823e-001 2.62531340e-001
    2.75588125e-001 2.60296285e-001 2.41337270e-001 2.40422040e-001
    2.73877412e-001 2.34475255e-001 2.14445978e-001 2.00386077e-001
    2.04051599e-001 2.02513039e-001 2.09016919e-001 2.04504639e-001
    2.20561489e-001 2.22496271e-001 2.37345353e-001 2.22440019e-001
    2.16603205e-001 2.32901543e-001 2.54265279e-001 2.61466354e-001
    2.63661355e-001</data></Per_View_Reprojection_Errors>
<!-- a set of 6-tuples (rotation vector + translation vector) for each view -->
<Extrinsic_Parameters type_id="opencv-matrix">
  <rows>25</rows>
  <cols>6</cols>
  <dt>d</dt>
  <data>
    1.5514797078818154e-002 2.8021432280754588e-001
    2.9751413844826300e+000 1.6339247688846064e+002
    9.9133125050675929e+001 4.8934347387865301e+002
    1.1853768618849465e-002 3.1933097636800029e-001
    2.9722449482651769e+000 1.6280796927497587e+002
    9.9569326202522333e+001 4.9412620183174772e+002
    9.9605428909671813e-003 3.2735620130249982e-001
    2.9711556320760559e+000 1.6259260092812147e+002
    9.9950207830696371e+001 4.9678277767202519e+002
    2.5595532741230477e-002 3.2532417078045522e-001
    2.9785621119934360e+000 1.6238632246373982e+002
    9.9133832761090460e+001 4.9873581299656189e+002
    2.0634420594153980e-002 3.5399250275375860e-001
    2.9901531921821172e+000 1.6446361082522694e+002
    9.7422982076482143e+001 4.9952999414008292e+002
    2.0486045424069323e-002 3.5459022137384888e-001
    2.9850203740552614e+000 1.6659419595471181e+002
    9.7364411444996122e+001 4.9541899413361335e+002
    3.4128257051843650e-002 3.4378887345264403e-001
    2.9809104015508163e+000 1.6873089870411025e+002
    9.7423167788198896e+001 4.9110431663948532e+002
    4.9565068978453142e-002 3.2910198424524212e-001
    2.9807519422214623e+000 1.7064531484880311e+002
    9.8364259940302347e+001 4.8912298502688509e+002
    4.8531158652020290e-002 3.5081515816858899e-001
    2.9813329114915521e+000 1.7216292042655974e+002
    9.9355501742176344e+001 4.9103429260546085e+002
    7.5211449372991887e-002 3.3427675107309623e-001
    2.9767341172304849e+000 1.7466128195430130e+002
    1.0046115450981345e+002 4.8961433655484871e+002
    1.0312949314057741e-001 3.0392485233747085e-001
    2.9630010132908104e+000 1.7337269299058130e+002
    1.0062003838253658e+002 4.8738227362420963e+002
    1.6286125702736584e-001 2.6882791971516717e-001
    2.9421678690083737e+000 1.6923367518691737e+002
    9.9766339732089421e+001 4.7978512590313170e+002
    2.0314788831389549e-001 2.6115549686766304e-001
    2.9335791923177821e+000 1.6493852593161853e+002
    9.8598149187738230e+001 4.7100739972602116e+002
    2.3932502207890000e-001 2.4873853458182690e-001
    2.9299262555489363e+000 1.5984498215005257e+002
    9.4983664410050594e+001 4.5881584970981760e+002
    2.4953588578824823e-001 2.4579471876068704e-001
    2.9280075549468867e+000 1.5773929751105484e+002
    9.2781734534347450e+001 4.5281511081768576e+002
    2.5759814407163645e-001 2.2975971039734169e-001
    2.9269856580612288e+000 1.5546490615686500e+002
    8.8382589190568481e+001 4.4015945865213888e+002
    2.6319904358961926e-001 2.0946274325494965e-001
    2.9360525558428114e+000 1.5402325874250303e+002
    8.3657622246791973e+001 4.2534832838215181e+002
    2.5798821009211836e-001 1.9211636543820906e-001
    2.9420148459133313e+000 1.5254474434740052e+002
    7.9901726950452314e+001 4.1383592378992921e+002
    2.5000022179139381e-001 1.8553926777210039e-001
    2.9482882151265408e+000 1.5043040464704109e+002
    7.6194833710138354e+001 4.0243459472220985e+002
    2.3771273326886261e-001 1.7015947785380414e-001
    2.9510093590509299e+000 1.4783596594107070e+002
    7.3248613805767519e+001 3.9242623776766368e+002
    2.1871762069969403e-001 1.3897754999188960e-001
    2.9517957052308996e+000 1.4531960373837202e+002
    7.0810804969343721e+001 3.8123249105963623e+002
    2.1094000943345423e-001 1.3237228059191514e-001
    2.9570348527723831e+000 1.4253234947351726e+002
    6.9307812991252561e+001 3.7419418770914933e+002
    2.0708904041761647e-001 1.2532330288733062e-001
    2.9590430338433071e+000 1.3868040270954003e+002
    6.8357478785121884e+001 3.6810156697838187e+002
    2.0771133624794499e-001 1.1427486496410448e-001
    2.9530230897570444e+000 1.3346042993831091e+002
    6.7339999842462532e+001 3.6108711754276572e+002
    2.0983473967979158e-001 1.0693429728509632e-001
    2.9496894900125081e+000 1.3009676316398827e+002
    6.6593206569828212e+001 3.5778164356947622e+002</data></Extrinsic_Parameters>
